   1.0000000e+00   0.0000000e+00  -7.5154527e-01   0.0000000e+00  -1.9621586e+00  -0.0000000e+00   0.0000000e+00  -0.0000000e+00
   1.0000000e+00   0.0000000e+00   7.4633385e-01   0.0000000e+00  -2.0625248e+00   0.0000000e+00   0.0000000e+00   0.0000000e+00
   1.0000000e+00   0.0000000e+00  -1.1679381e-01   0.0000000e+00  -1.7339736e+00  -0.0000000e+00   0.0000000e+00  -0.0000000e+00
   1.0000000e+00   0.0000000e+00   9.9150241e-01   0.0000000e+00  -5.0217603e-01   0.0000000e+00   0.0000000e+00   0.0000000e+00
   1.0000000e+00   1.0000000e+00   1.9218574e-01   0.0000000e+00   3.7070771e-01   1.9218574e-01   0.0000000e+00   0.0000000e+00
   1.0000000e+00   1.0000000e+00  -6.9775180e-02   0.0000000e+00   1.5398597e+00  -6.9775180e-02   0.0000000e+00  -0.0000000e+00
   1.0000000e+00   0.0000000e+00   2.9629842e-01   1.0000000e+00  -1.0130205e+00   0.0000000e+00   0.0000000e+00   2.9629842e-01
   1.0000000e+00   1.0000000e+00  -6.6422497e-01   1.0000000e+00  -1.0889222e+00  -6.6422497e-01   1.0000000e+00  -6.6422497e-01
   1.0000000e+00   0.0000000e+00  -1.3359196e+00   0.0000000e+00  -7.8444357e-01  -0.0000000e+00   0.0000000e+00  -0.0000000e+00
   1.0000000e+00   1.0000000e+00  -9.4969520e-01   1.0000000e+00  -2.3139121e-01  -9.4969520e-01   1.0000000e+00  -9.4969520e-01
   1.0000000e+00   1.0000000e+00   2.8622300e-01   1.0000000e+00  -2.3268628e+00   2.8622300e-01   1.0000000e+00   2.8622300e-01
   1.0000000e+00   1.0000000e+00   4.1112346e-03   1.0000000e+00  -2.6873949e-01   4.1112346e-03   1.0000000e+00   4.1112346e-03
   1.0000000e+00   1.0000000e+00   1.1023320e+00   1.0000000e+00   1.5417702e+00   1.1023320e+00   1.0000000e+00   1.1023320e+00
   1.0000000e+00   0.0000000e+00  -1.0605248e+00   1.0000000e+00  -1.2224335e+00  -0.0000000e+00   0.0000000e+00  -1.0605248e+00
   1.0000000e+00   0.0000000e+00   3.3995857e-01   0.0000000e+00   1.0033064e+00   0.0000000e+00   0.0000000e+00   0.0000000e+00
   1.0000000e+00   1.0000000e+00   1.9890269e-01   1.0000000e+00   1.7728357e+00   1.9890269e-01   1.0000000e+00   1.9890269e-01
   1.0000000e+00   1.0000000e+00   6.3550423e-01   0.0000000e+00   4.2877781e-01   6.3550423e-01   0.0000000e+00   0.0000000e+00
   1.0000000e+00   1.0000000e+00  -1.0974680e+00   0.0000000e+00   1.1168895e+00  -1.0974680e+00   0.0000000e+00  -0.0000000e+00
   1.0000000e+00   1.0000000e+00  -9.3290284e-01   1.0000000e+00   4.1613897e-01  -9.3290284e-01   1.0000000e+00  -9.3290284e-01
   1.0000000e+00   1.0000000e+00   6.7922229e-02   1.0000000e+00   9.9702618e-01   6.7922229e-02   1.0000000e+00   6.7922229e-02
   1.0000000e+00   1.0000000e+00  -1.0907511e+00   1.0000000e+00   8.3496483e-01  -1.0907511e+00   1.0000000e+00  -1.0907511e+00
   1.0000000e+00   0.0000000e+00   5.2467461e-01   1.0000000e+00   5.6519728e-02   0.0000000e+00   0.0000000e+00   5.2467461e-01
   1.0000000e+00   0.0000000e+00   1.1494086e-01   0.0000000e+00  -1.6194615e-01   0.0000000e+00   0.0000000e+00   0.0000000e+00
   1.0000000e+00   1.0000000e+00  -1.4366159e-01   1.0000000e+00  -9.3316066e-01  -1.4366159e-01   1.0000000e+00  -1.4366159e-01
   1.0000000e+00   0.0000000e+00  -2.2426495e-01   0.0000000e+00   3.3657303e-01  -0.0000000e+00   0.0000000e+00  -0.0000000e+00
   1.0000000e+00   0.0000000e+00  -6.9780970e-01   0.0000000e+00  -3.4634592e-01  -0.0000000e+00   0.0000000e+00  -0.0000000e+00
   1.0000000e+00   1.0000000e+00  -2.1083106e-01   1.0000000e+00   8.3195698e-01  -2.1083106e-01   1.0000000e+00  -2.1083106e-01
   1.0000000e+00   0.0000000e+00   4.2392041e-01   0.0000000e+00   2.5533171e-01   0.0000000e+00   0.0000000e+00   0.0000000e+00
   1.0000000e+00   1.0000000e+00   5.8848560e-01   0.0000000e+00   4.6158003e-01   5.8848560e-01   0.0000000e+00   0.0000000e+00
   1.0000000e+00   1.0000000e+00  -5.3324450e-01   1.0000000e+00   1.1237184e+00  -5.3324450e-01   1.0000000e+00  -5.3324450e-01
   1.0000000e+00   1.0000000e+00  -2.9479290e-01   1.0000000e+00   1.3511196e+00  -2.9479290e-01   1.0000000e+00  -2.9479290e-01
   1.0000000e+00   1.0000000e+00  -1.1310528e+00   0.0000000e+00  -9.0922523e-01  -1.1310528e+00   0.0000000e+00  -0.0000000e+00
   1.0000000e+00   1.0000000e+00   3.2316620e-01   0.0000000e+00  -1.8785855e+00   3.2316620e-01   0.0000000e+00   0.0000000e+00
   1.0000000e+00   1.0000000e+00  -5.9705550e-01   0.0000000e+00   1.7062516e+00  -5.9705550e-01   0.0000000e+00  -0.0000000e+00
   1.0000000e+00   1.0000000e+00   4.0041109e-01   1.0000000e+00  -9.6494392e-01   4.0041109e-01   1.0000000e+00   4.0041109e-01
   1.0000000e+00   1.0000000e+00   1.1493507e+00   1.0000000e+00   4.8104777e-01   1.1493507e+00   1.0000000e+00   1.1493507e+00
   1.0000000e+00   1.0000000e+00  -1.4030891e+00   1.0000000e+00   5.4345819e-01  -1.4030891e+00   1.0000000e+00  -1.4030891e+00
   1.0000000e+00   1.0000000e+00   1.9822520e+00   1.0000000e+00   1.5286888e-01   1.9822520e+00   1.0000000e+00   1.9822520e+00
   1.0000000e+00   1.0000000e+00   1.6061030e+00   0.0000000e+00  -7.1087374e-01   1.6061030e+00   0.0000000e+00   0.0000000e+00
   1.0000000e+00   0.0000000e+00   1.2601803e+00   0.0000000e+00  -1.2022407e+00   0.0000000e+00   0.0000000e+00   0.0000000e+00
   1.0000000e+00   1.0000000e+00   2.1165910e+00   0.0000000e+00  -1.3476168e+00   2.1165910e+00   0.0000000e+00   0.0000000e+00
   1.0000000e+00   1.0000000e+00  -2.2426495e-01   0.0000000e+00  -1.4638763e-01  -2.2426495e-01   0.0000000e+00  -0.0000000e+00
   1.0000000e+00   1.0000000e+00   2.0729308e+00   0.0000000e+00  -7.1312717e-01   2.0729308e+00   0.0000000e+00   0.0000000e+00
   1.0000000e+00   1.0000000e+00   8.9746515e-01   0.0000000e+00   1.1580980e+00   8.9746515e-01   0.0000000e+00   0.0000000e+00
   1.0000000e+00   0.0000000e+00   2.1367418e+00   0.0000000e+00  -7.5150420e-01   0.0000000e+00   0.0000000e+00   0.0000000e+00
   1.0000000e+00   1.0000000e+00  -9.3290284e-01   1.0000000e+00  -3.7233072e-02  -9.3290284e-01   1.0000000e+00  -9.3290284e-01
   1.0000000e+00   0.0000000e+00   1.4717641e+00   0.0000000e+00  -7.8782373e-01   0.0000000e+00   0.0000000e+00   0.0000000e+00
   1.0000000e+00   1.0000000e+00   1.4684056e+00   1.0000000e+00   3.4951560e-01   1.4684056e+00   1.0000000e+00   1.4684056e+00
   1.0000000e+00   0.0000000e+00   8.9410668e-01   0.0000000e+00  -7.4151069e-01   0.0000000e+00   0.0000000e+00   0.0000000e+00
   1.0000000e+00   0.0000000e+00   7.9671095e-01   0.0000000e+00  -5.0430210e-01   0.0000000e+00   0.0000000e+00   0.0000000e+00
   1.0000000e+00   1.0000000e+00   5.9520255e-01   0.0000000e+00   1.4809666e+00   5.9520255e-01   0.0000000e+00   0.0000000e+00
   1.0000000e+00   1.0000000e+00   1.8143284e+00   0.0000000e+00   4.2383985e-01   1.8143284e+00   0.0000000e+00   0.0000000e+00
   1.0000000e+00   1.0000000e+00  -3.3845305e-01   0.0000000e+00   3.8685408e-01  -3.3845305e-01   0.0000000e+00  -0.0000000e+00
   1.0000000e+00   1.0000000e+00  -1.4366738e+00   1.0000000e+00   2.7243824e-01  -1.4366738e+00   1.0000000e+00  -1.4366738e+00
   1.0000000e+00   1.0000000e+00   9.8478546e-01   1.0000000e+00   3.7986842e-01   9.8478546e-01   1.0000000e+00   9.8478546e-01
   1.0000000e+00   1.0000000e+00  -1.1646375e+00   1.0000000e+00   1.7304417e+00  -1.1646375e+00   1.0000000e+00  -1.1646375e+00
   1.0000000e+00   0.0000000e+00   1.4851980e+00   0.0000000e+00  -1.0189676e+00   0.0000000e+00   0.0000000e+00   0.0000000e+00
   1.0000000e+00   0.0000000e+00  -1.1747129e+00   0.0000000e+00  -9.1190976e-01  -0.0000000e+00   0.0000000e+00  -0.0000000e+00
   1.0000000e+00   1.0000000e+00  -1.1209773e+00   1.0000000e+00   5.5444125e-01  -1.1209773e+00   1.0000000e+00  -1.1209773e+00
   1.0000000e+00   1.0000000e+00   1.2568218e+00   0.0000000e+00   2.8788898e-01   1.2568218e+00   0.0000000e+00   0.0000000e+00
   1.0000000e+00   0.0000000e+00   2.1266664e+00   0.0000000e+00  -8.5241090e-02   0.0000000e+00   0.0000000e+00   0.0000000e+00
   1.0000000e+00   1.0000000e+00  -4.2907393e-02   0.0000000e+00   2.2300288e+00  -4.2907393e-02   0.0000000e+00  -0.0000000e+00
   1.0000000e+00   0.0000000e+00   9.7135157e-01   0.0000000e+00   1.1436956e+00   0.0000000e+00   0.0000000e+00   0.0000000e+00
   1.0000000e+00   0.0000000e+00   2.1602511e+00   0.0000000e+00  -1.5338879e+00   0.0000000e+00   0.0000000e+00   0.0000000e+00
   1.0000000e+00   0.0000000e+00  -5.2982813e-02   1.0000000e+00  -6.3023986e-01  -0.0000000e+00   0.0000000e+00  -5.2982813e-02
   1.0000000e+00   1.0000000e+00   1.4448963e+00   1.0000000e+00  -7.1241195e-01   1.4448963e+00   1.0000000e+00   1.4448963e+00
   1.0000000e+00   1.0000000e+00   1.0519549e+00   0.0000000e+00   2.4780539e+00   1.0519549e+00   0.0000000e+00   0.0000000e+00
   1.0000000e+00   0.0000000e+00   1.1224829e+00   0.0000000e+00  -2.8867751e-01   0.0000000e+00   0.0000000e+00   0.0000000e+00
   1.0000000e+00   1.0000000e+00   1.6094615e+00   1.0000000e+00   4.8634825e-01   1.6094615e+00   1.0000000e+00   1.6094615e+00
   1.0000000e+00   1.0000000e+00  -8.7245032e-01   1.0000000e+00  -1.9020229e-01  -8.7245032e-01   1.0000000e+00  -8.7245032e-01
   1.0000000e+00   1.0000000e+00   1.9385919e+00   0.0000000e+00  -7.7371525e-01   1.9385919e+00   0.0000000e+00   0.0000000e+00
   1.0000000e+00   0.0000000e+00   1.2366710e+00   0.0000000e+00  -1.9347549e+00   0.0000000e+00   0.0000000e+00   0.0000000e+00
   1.0000000e+00   0.0000000e+00   1.2366710e+00   0.0000000e+00  -1.9880732e+00   0.0000000e+00   0.0000000e+00   0.0000000e+00
   1.0000000e+00   1.0000000e+00   9.6127615e-01   1.0000000e+00   7.0684221e-01   9.6127615e-01   1.0000000e+00   9.6127615e-01
   1.0000000e+00   0.0000000e+00   9.5791767e-01   0.0000000e+00   4.8990476e-01   0.0000000e+00   0.0000000e+00   0.0000000e+00
   1.0000000e+00   1.0000000e+00  -1.3191273e+00   1.0000000e+00  -2.7242337e-01  -1.3191273e+00   1.0000000e+00  -1.3191273e+00
   1.0000000e+00   0.0000000e+00  -5.2652756e-01   0.0000000e+00   8.1713328e-01  -0.0000000e+00   0.0000000e+00  -0.0000000e+00
   1.0000000e+00   1.0000000e+00   1.7975360e+00   0.0000000e+00   1.2364588e+00   1.7975360e+00   0.0000000e+00   0.0000000e+00
   1.0000000e+00   1.0000000e+00   8.9746515e-01   1.0000000e+00  -8.6483251e-01   8.9746515e-01   1.0000000e+00   8.9746515e-01
   1.0000000e+00   1.0000000e+00   1.6867064e+00   0.0000000e+00   1.2535066e+00   1.6867064e+00   0.0000000e+00   0.0000000e+00
   1.0000000e+00   1.0000000e+00  -6.5079107e-01   1.0000000e+00   4.8501578e-01  -6.5079107e-01   1.0000000e+00  -6.5079107e-01
   1.0000000e+00   1.0000000e+00   1.5288581e+00   1.0000000e+00  -6.9259150e-01   1.5288581e+00   1.0000000e+00   1.5288581e+00
   1.0000000e+00   0.0000000e+00   1.5288581e+00   0.0000000e+00  -2.9131306e-01   0.0000000e+00   0.0000000e+00   0.0000000e+00
   1.0000000e+00   1.0000000e+00  -1.2721086e+00   0.0000000e+00  -7.4447935e-01  -1.2721086e+00   0.0000000e+00  -0.0000000e+00
   1.0000000e+00   1.0000000e+00   1.0956151e+00   0.0000000e+00   1.0438291e+00   1.0956151e+00   0.0000000e+00   0.0000000e+00
   1.0000000e+00   0.0000000e+00   1.1359168e+00   0.0000000e+00  -1.2455263e+00   0.0000000e+00   0.0000000e+00   0.0000000e+00
   1.0000000e+00   1.0000000e+00   1.7471589e+00   0.0000000e+00   6.9905316e-01   1.7471589e+00   0.0000000e+00   0.0000000e+00
   1.0000000e+00   1.0000000e+00  -7.3139443e-01   0.0000000e+00   2.2083452e-01  -7.3139443e-01   0.0000000e+00  -0.0000000e+00
   1.0000000e+00   1.0000000e+00   6.0527797e-01   1.0000000e+00  -6.3917523e-01   6.0527797e-01   1.0000000e+00   6.0527797e-01
   1.0000000e+00   0.0000000e+00   1.8680640e+00   0.0000000e+00  -1.6159522e+00   0.0000000e+00   0.0000000e+00   0.0000000e+00
   1.0000000e+00   0.0000000e+00   8.9074820e-01   0.0000000e+00  -4.4924964e-01   0.0000000e+00   0.0000000e+00   0.0000000e+00
   1.0000000e+00   1.0000000e+00   1.5960276e+00   0.0000000e+00   1.7895308e+00   1.5960276e+00   0.0000000e+00   0.0000000e+00
   1.0000000e+00   1.0000000e+00   1.5456505e+00   0.0000000e+00   5.3383699e-01   1.5456505e+00   0.0000000e+00   0.0000000e+00
   1.0000000e+00   0.0000000e+00   8.5044652e-01   0.0000000e+00  -1.1513130e+00   0.0000000e+00   0.0000000e+00   0.0000000e+00
   1.0000000e+00   1.0000000e+00  -1.4568247e+00   0.0000000e+00   2.4049821e-01  -1.4568247e+00   0.0000000e+00  -0.0000000e+00
   1.0000000e+00   1.0000000e+00  -6.1384787e-01   1.0000000e+00   1.2703780e+00  -6.1384787e-01   1.0000000e+00  -6.1384787e-01
   1.0000000e+00   1.0000000e+00  -1.1377697e+00   1.0000000e+00  -2.5823651e-01  -1.1377697e+00   1.0000000e+00  -1.1377697e+00
   1.0000000e+00   1.0000000e+00  -6.7094191e-01   0.0000000e+00   2.5113835e-01  -6.7094191e-01   0.0000000e+00  -0.0000000e+00
   1.0000000e+00   1.0000000e+00  -1.4232399e+00   0.0000000e+00   1.8804423e+00  -1.4232399e+00   0.0000000e+00  -0.0000000e+00
   1.0000000e+00   1.0000000e+00  -9.2282742e-01   1.0000000e+00   3.4177553e-01  -9.2282742e-01   1.0000000e+00  -9.2282742e-01
   1.0000000e+00   0.0000000e+00  -1.1713544e+00   1.0000000e+00  -7.1458701e-01  -0.0000000e+00   0.0000000e+00  -1.1713544e+00
   1.0000000e+00   0.0000000e+00   3.0637384e-01   0.0000000e+00   5.8574444e-01   0.0000000e+00   0.0000000e+00   0.0000000e+00
   1.0000000e+00   1.0000000e+00   4.2392041e-01   1.0000000e+00   8.4475259e-01   4.2392041e-01   1.0000000e+00   4.2392041e-01
   1.0000000e+00   1.0000000e+00  -9.7992146e-01   1.0000000e+00   1.3206884e+00  -9.7992146e-01   1.0000000e+00  -9.7992146e-01
   1.0000000e+00   1.0000000e+00  -9.8663841e-01   0.0000000e+00  -1.0308521e+00  -9.8663841e-01   0.0000000e+00  -0.0000000e+00
   1.0000000e+00   1.0000000e+00  -2.5784969e-01   0.0000000e+00   1.1461923e-01  -2.5784969e-01   0.0000000e+00  -0.0000000e+00
   1.0000000e+00   1.0000000e+00   1.3173322e-01   0.0000000e+00   1.7999831e-01   1.3173322e-01   0.0000000e+00   0.0000000e+00
   1.0000000e+00   1.0000000e+00  -9.9671383e-01   1.0000000e+00   1.1383559e+00  -9.9671383e-01   1.0000000e+00  -9.9671383e-01
   1.0000000e+00   1.0000000e+00  -4.9294282e-01   1.0000000e+00   1.7009021e+00  -4.9294282e-01   1.0000000e+00  -4.9294282e-01
   1.0000000e+00   0.0000000e+00  -8.7916726e-01   0.0000000e+00  -1.6566611e+00  -0.0000000e+00   0.0000000e+00  -0.0000000e+00
   1.0000000e+00   0.0000000e+00  -1.2922595e+00   0.0000000e+00  -1.2276556e+00  -0.0000000e+00   0.0000000e+00  -0.0000000e+00
   1.0000000e+00   1.0000000e+00  -9.6642966e-02   0.0000000e+00   4.8813140e-01  -9.6642966e-02   0.0000000e+00  -0.0000000e+00
   1.0000000e+00   1.0000000e+00  -1.1679381e-01   1.0000000e+00   3.8353271e-01  -1.1679381e-01   1.0000000e+00  -1.1679381e-01
   1.0000000e+00   0.0000000e+00   4.9108987e-01   0.0000000e+00   1.0237245e+00   0.0000000e+00   0.0000000e+00   0.0000000e+00
   1.0000000e+00   0.0000000e+00  -1.4635416e+00   0.0000000e+00  -1.4483553e+00  -0.0000000e+00   0.0000000e+00  -0.0000000e+00
   1.0000000e+00   1.0000000e+00  -8.7916726e-01   0.0000000e+00  -1.2105294e+00  -8.7916726e-01   0.0000000e+00  -0.0000000e+00
   1.0000000e+00   1.0000000e+00  -1.3359196e+00   1.0000000e+00   1.3947383e+00  -1.3359196e+00   1.0000000e+00  -1.3359196e+00
   1.0000000e+00   0.0000000e+00  -1.0336570e+00   0.0000000e+00  -1.0940561e+00  -0.0000000e+00   0.0000000e+00  -0.0000000e+00
   1.0000000e+00   1.0000000e+00  -1.4333154e+00   1.0000000e+00   3.1712488e-01  -1.4333154e+00   1.0000000e+00  -1.4333154e+00
   1.0000000e+00   1.0000000e+00  -3.2831972e-02   0.0000000e+00  -6.6851891e-01  -3.2831972e-02   0.0000000e+00  -0.0000000e+00
   1.0000000e+00   1.0000000e+00   6.8252286e-01   1.0000000e+00   6.3897455e-01   6.8252286e-01   1.0000000e+00   6.8252286e-01
   1.0000000e+00   1.0000000e+00  -1.1478451e+00   1.0000000e+00   1.0852238e+00  -1.1478451e+00   1.0000000e+00  -1.1478451e+00
   1.0000000e+00   1.0000000e+00  -3.7539626e-01   1.0000000e+00   1.0639908e-01  -3.7539626e-01   1.0000000e+00  -3.7539626e-01
   1.0000000e+00   1.0000000e+00  -7.7169611e-01   0.0000000e+00  -4.6995187e-01  -7.7169611e-01   0.0000000e+00  -0.0000000e+00
   1.0000000e+00   1.0000000e+00  -7.9184695e-01   1.0000000e+00  -6.6093560e-01  -7.9184695e-01   1.0000000e+00  -7.9184695e-01
   1.0000000e+00   1.0000000e+00   1.8211032e-01   1.0000000e+00   9.6310705e-01   1.8211032e-01   1.0000000e+00   1.8211032e-01
   1.0000000e+00   1.0000000e+00   7.5276127e-04   1.0000000e+00   3.7745822e-01   7.5276127e-04   1.0000000e+00   7.5276127e-04
   1.0000000e+00   1.0000000e+00   2.7620548e-02   1.0000000e+00   1.5149722e-01   2.7620548e-02   1.0000000e+00   2.7620548e-02
   1.0000000e+00   1.0000000e+00   6.5901354e-01   1.0000000e+00   1.3539021e+00   6.5901354e-01   1.0000000e+00   6.5901354e-01
   1.0000000e+00   1.0000000e+00  -2.5113274e-01   1.0000000e+00   1.1933692e+00  -2.5113274e-01   1.0000000e+00  -2.5113274e-01
   1.0000000e+00   0.0000000e+00  -4.4256572e-01   0.0000000e+00  -6.2276433e-01  -0.0000000e+00   0.0000000e+00  -0.0000000e+00
   1.0000000e+00   1.0000000e+00  -3.6190446e-02   0.0000000e+00   6.4609737e-01  -3.6190446e-02   0.0000000e+00  -0.0000000e+00
   1.0000000e+00   0.0000000e+00   2.3920437e-01   0.0000000e+00  -7.4984841e-01   0.0000000e+00   0.0000000e+00   0.0000000e+00
   1.0000000e+00   1.0000000e+00  -8.3209073e-02   1.0000000e+00   9.1288479e-01  -8.3209073e-02   1.0000000e+00  -8.3209073e-02
   1.0000000e+00   1.0000000e+00  -1.0840341e+00   0.0000000e+00   1.2821252e+00  -1.0840341e+00   0.0000000e+00  -0.0000000e+00
   1.0000000e+00   0.0000000e+00   1.0828181e-02   0.0000000e+00  -4.8684285e-01   0.0000000e+00   0.0000000e+00   0.0000000e+00
   1.0000000e+00   1.0000000e+00   1.2837475e-01   0.0000000e+00  -8.1060305e-01   1.2837475e-01   0.0000000e+00   0.0000000e+00
   1.0000000e+00   1.0000000e+00  -1.0202231e+00   1.0000000e+00  -3.5443870e-01  -1.0202231e+00   1.0000000e+00  -1.0202231e+00
   1.0000000e+00   0.0000000e+00  -9.7992146e-01   1.0000000e+00  -9.1038134e-01  -0.0000000e+00   0.0000000e+00  -9.7992146e-01
   1.0000000e+00   1.0000000e+00  -9.9671383e-01   0.0000000e+00  -4.7502700e-01  -9.9671383e-01   0.0000000e+00  -0.0000000e+00
   1.0000000e+00   0.0000000e+00   3.5675094e-01   0.0000000e+00   1.7840148e+00   0.0000000e+00   0.0000000e+00   0.0000000e+00
   1.0000000e+00   1.0000000e+00  -3.9218862e-01   1.0000000e+00  -6.2461607e-01  -3.9218862e-01   1.0000000e+00  -3.9218862e-01
   1.0000000e+00   0.0000000e+00  -1.2318070e+00   1.0000000e+00  -1.2675806e+00  -0.0000000e+00   0.0000000e+00  -1.2318070e+00
   1.0000000e+00   0.0000000e+00  -1.2956180e+00   0.0000000e+00  -5.7073931e-01  -0.0000000e+00   0.0000000e+00  -0.0000000e+00
   1.0000000e+00   0.0000000e+00  -1.1679960e+00   1.0000000e+00  -1.3778521e+00  -0.0000000e+00   0.0000000e+00  -1.1679960e+00
   1.0000000e+00   0.0000000e+00  -7.6833764e-01   1.0000000e+00  -9.5276556e-01  -0.0000000e+00   0.0000000e+00  -7.6833764e-01
   1.0000000e+00   1.0000000e+00  -1.3560705e+00   1.0000000e+00  -1.7363632e-02  -1.3560705e+00   1.0000000e+00  -1.3560705e+00
   1.0000000e+00   0.0000000e+00   5.7841018e-01   0.0000000e+00  -4.9992259e-01   0.0000000e+00   0.0000000e+00   0.0000000e+00
   1.0000000e+00   1.0000000e+00  -7.2131901e-01   1.0000000e+00  -7.4576283e-01  -7.2131901e-01   1.0000000e+00  -7.2131901e-01
   1.0000000e+00   0.0000000e+00   3.0973231e-01   0.0000000e+00   2.3237435e-02   0.0000000e+00   0.0000000e+00   0.0000000e+00
   1.0000000e+00   1.0000000e+00   1.4852559e-01   1.0000000e+00  -9.1902278e-01   1.4852559e-01   1.0000000e+00   1.4852559e-01
   1.0000000e+00   1.0000000e+00  -1.1209773e+00   0.0000000e+00   1.4260317e+00  -1.1209773e+00   0.0000000e+00  -0.0000000e+00
   1.0000000e+00   0.0000000e+00  -7.5826222e-01   0.0000000e+00  -1.9364123e-01  -0.0000000e+00   0.0000000e+00  -0.0000000e+00
   1.0000000e+00   1.0000000e+00  -4.4928267e-01   0.0000000e+00   1.0812460e+00  -4.4928267e-01   0.0000000e+00  -0.0000000e+00
   1.0000000e+00   0.0000000e+00  -1.3090519e+00   0.0000000e+00  -1.1406435e+00  -0.0000000e+00   0.0000000e+00  -0.0000000e+00
   1.0000000e+00   1.0000000e+00  -7.4146985e-01   1.0000000e+00  -9.3303329e-01  -7.4146985e-01   1.0000000e+00  -7.4146985e-01
   1.0000000e+00   0.0000000e+00  -2.4105732e-01   1.0000000e+00   8.7961229e-01  -0.0000000e+00   0.0000000e+00  -2.4105732e-01
   1.0000000e+00   1.0000000e+00  -7.7169611e-01   1.0000000e+00   8.8789122e-01  -7.7169611e-01   1.0000000e+00  -7.7169611e-01
   1.0000000e+00   1.0000000e+00  -2.8135900e-01   0.0000000e+00  -1.2896447e+00  -2.8135900e-01   0.0000000e+00  -0.0000000e+00
   1.0000000e+00   1.0000000e+00   5.8848560e-01   1.0000000e+00   7.7481765e-01   5.8848560e-01   1.0000000e+00   5.8848560e-01
   1.0000000e+00   0.0000000e+00  -1.2150146e+00   0.0000000e+00   1.6222554e-01  -0.0000000e+00   0.0000000e+00  -0.0000000e+00
   1.0000000e+00   0.0000000e+00   5.6833476e-01   0.0000000e+00   2.8013911e-01   0.0000000e+00   0.0000000e+00   0.0000000e+00
   1.0000000e+00   0.0000000e+00  -4.5935809e-01   1.0000000e+00  -2.2419981e-01  -0.0000000e+00   0.0000000e+00  -4.5935809e-01
   1.0000000e+00   1.0000000e+00  -1.4400323e+00   1.0000000e+00  -5.4182673e-01  -1.4400323e+00   1.0000000e+00  -1.4400323e+00
   1.0000000e+00   0.0000000e+00   1.0828181e-02   0.0000000e+00  -4.0851140e-01   0.0000000e+00   0.0000000e+00   0.0000000e+00
   1.0000000e+00   0.0000000e+00  -1.1512036e+00   0.0000000e+00  -6.1951154e-01  -0.0000000e+00   0.0000000e+00  -0.0000000e+00
   1.0000000e+00   0.0000000e+00   8.8073069e-02   0.0000000e+00  -1.4023362e+00   0.0000000e+00   0.0000000e+00   0.0000000e+00
   1.0000000e+00   1.0000000e+00   2.4256284e-01   0.0000000e+00   1.4691312e+00   2.4256284e-01   0.0000000e+00   0.0000000e+00
   1.0000000e+00   1.0000000e+00  -5.3996145e-01   1.0000000e+00   1.0594856e+00  -5.3996145e-01   1.0000000e+00  -5.3996145e-01
   1.0000000e+00   1.0000000e+00  -9.1611047e-01   0.0000000e+00  -4.1609471e-01  -9.1611047e-01   0.0000000e+00  -0.0000000e+00
   1.0000000e+00   1.0000000e+00  -2.7800053e-01   1.0000000e+00   7.8945519e-01  -2.7800053e-01   1.0000000e+00  -2.7800053e-01
   1.0000000e+00   1.0000000e+00  -2.0411411e-01   1.0000000e+00  -1.4250780e-01  -2.0411411e-01   1.0000000e+00  -2.0411411e-01
   1.0000000e+00   0.0000000e+00  -1.0974680e+00   0.0000000e+00   7.9234547e-01  -0.0000000e+00   0.0000000e+00  -0.0000000e+00
   1.0000000e+00   1.0000000e+00  -2.6456664e-01   0.0000000e+00  -1.0521128e+00  -2.6456664e-01   0.0000000e+00  -0.0000000e+00
